%YAML:1.0
---
K: !!opencv-matrix
   rows: 3
   cols: 3
   dt: d
   data: [ 6.6388283032385616e+03, 0., 4.1666979428135102e+02, 0.,
       6.7561975278007822e+03, 2.4998741316602587e+02, 0., 0., 1. ]
D: !!opencv-matrix
   rows: 1
   cols: 5
   dt: d
   data: [ -1.8587168499834164e+00, 1.5085940926204427e+02,
       1.3866150464081608e-03, -3.2033065355534039e-02,
       -5.6652720519629690e-02 ]
