%YAML:1.0
---
K: !!opencv-matrix
   rows: 3
   cols: 3
   dt: d
   data: [ 6.7630115434170293e+03, 0., 2.4597651153505402e+02, 0.,
       6.8516194384907485e+03, 1.9955473351505680e+02, 0., 0., 1. ]
D: !!opencv-matrix
   rows: 1
   cols: 5
   dt: d
   data: [ -3.7567813075571410e-01, -7.2108093927948431e+01,
       2.0242249600308657e-02, 8.3853340231674466e-03,
       -1.0824919040971989e-01 ]
